112
119
105
114
121
126
116
95
99
109
118
124
120
103
81
63
48
102
112
120
120
106
86
69
53
48
48
47
107
116
118
109
92
72
56
51
50
50
50
49
48
111
117
109
92
75
59
54
53
53
53
52
52
51
51
50
113
110
93
77
61
57
57
57
57
56
56
56
55
54
53
52
109
94
78
63
60
60
61
61
60
60
60
59
58
57
56
55
54
54
97
80
68
63
63
63
63
64
63
63
63
63
62
61
60
59
58
57
55
54
83
71
66
67
67
67
68
68
68
68
67
67
66
65
64
63
62
61
59
58
56
55
69
70
71
71
72
72
72
72
72
71
71
70
69
68
67
66
65
63
62
60
59
57
56
129
129
129
129
130
130
130
130
130
130
131
131
132
132
132
132
132
132
132
132
131
73
74
74
75
76
76
76
76
76
75
75
74
73
72
71
69
69
67
66
64
62
61
59
57
56
54
128
128
128
128
129
129
129
129
129
129
129
130
130
130
130
130
130
130
131
131
132
132
132
132
131
133
131
131
131
131
132
132
132
132
132
77
79
79
80
80
81
81
81
81
80
79
78
77
76
75
74
72
71
70
68
67
65
63
61
59
57
56
54
52
52
62
75
88
98
106
112
118
121
123
124
125
126
126
127
127
128
128
128
128
129
129
129
129
129
129
129
130
130
130
130
130
130
131
131
132
132
132
132
132
133
133
133
133
133
133
133
133
133
132
133
133
133
133
133
82
83
83
84
84
84
84
84
84
84
83
82
81
80
79
78
77
74
72
71
69
68
66
63
62
60
58
56
57
65
75
85
93
103
111
117
121
124
124
125
126
126
127
128
128
128
128
129
129
129
129
129
129
129
130
130
130
130
130
130
130
131
132
132
132
132
132
131
133
133
133
133
133
133
133
133
133
133
133
132
133
133
133
133
133
86
87
88
88
89
89
89
89
89
87
87
86
86
84
82
81
80
77
75
74
71
70
67
67
65
62
60
59
65
73
83
92
100
107
113
117
120
123
125
126
126
127
128
129
128
130
128
129
129
129
129
129
129
130
130
130
130
130
130
131
131
132
132
132
132
131
133
133
133
133
133
133
134
134
134
134
134
134
134
133
133
133
133
132
132
132
91
92
93
93
93
92
92
92
92
91
91
90
89
87
86
85
82
80
78
76
75
73
71
69
67
65
62
63
70
80
89
98
104
109
113
116
118
120
123
124
126
127
128
130
129
130
130
128
129
129
129
130
130
130
130
130
130
131
131
132
132
132
132
132
131
133
133
133
133
133
134
134
134
134
134
134
134
134
134
134
133
133
133
133
132
132
132
95
96
96
96
97
97
97
97
96
95
94
93
92
91
88
87
86
84
82
81
78
76
74
71
69
67
66
68
76
84
92
96
99
103
107
111
115
117
121
123
126
127
128
129
130
130
130
129
130
129
130
130
130
130
130
130
131
131
132
132
132
132
131
133
133
133
133
133
133
134
134
134
134
134
134
135
135
135
135
135
134
133
133
133
133
132
133
132
98
100
101
100
101
101
101
101
99
99
99
97
96
94
93
92
89
87
85
84
82
79
77
74
72
69
68
72
78
85
85
86
90
94
100
105
110
114
118
120
123
126
127
129
130
130
130
131
131
130
129
130
130
130
131
131
132
132
132
132
132
131
133
133
133
133
133
134
134
134
134
134
134
134
135
135
135
135
135
135
135
135
134
133
133
132
132
132
102
102
104
105
105
106
104
104
104
103
103
102
100
100
99
96
95
94
90
88
86
84
81
79
77
75
73
72
72
75
76
75
77
82
86
93
99
105
110
113
117
121
124
127
129
130
131
132
131
131
131
130
131
130
131
131
132
132
132
132
131
133
133
133
133
133
133
134
134
134
134
134
134
135
135
135
135
135
135
135
135
135
135
135
135
134
133
133
133
132
106
106
108
108
108
109
108
108
108
107
106
105
104
102
102
99
98
95
94
92
90
88
85
83
81
78
75
72
70
69
66
65
66
72
79
87
94
100
106
111
115
120
123
127
130
131
132
132
132
132
132
131
131
131
130
132
132
132
132
131
133
133
133
133
133
134
134
134
134
134
134
135
135
135
135
135
135
135
135
135
135
135
135
135
135
134
134
134
133
133
109
110
111
112
112
111
112
113
111
111
111
110
108
107
106
104
102
100
99
95
93
91
89
87
84
81
79
75
73
70
67
65
65
71
77
85
91
97
103
108
113
119
122
127
131
133
134
133
133
132
132
131
132
132
131
132
132
132
133
133
133
133
133
133
134
134
134
134
134
134
135
135
135
135
135
135
135
135
135
136
136
136
136
136
135
135
134
134
134
134
111
113
114
115
115
116
116
117
116
117
115
115
114
114
111
110
108
107
105
102
100
97
94
91
89
87
84
81
79
75
73
70
69
68
73
79
86
92
97
103
108
113
119
124
128
132
134
134
134
133
132
132
132
132
132
132
132
131
132
133
133
133
133
134
134
134
134
134
134
134
135
135
135
135
135
135
135
135
136
136
136
136
136
136
136
136
135
135
134
134
134
116
116
117
119
120
119
120
120
120
120
119
119
118
118
116
114
112
110
107
104
102
99
96
92
90
88
85
81
79
76
73
71
69
70
74
79
85
90
95
100
107
113
117
123
128
132
135
135
134
133
134
133
132
132
133
132
132
133
132
132
133
133
134
134
134
134
134
134
135
135
135
135
135
135
135
135
135
136
136
136
136
136
138
138
138
138
136
135
135
134
134
117
119
121
121
122
123
124
124
125
125
124
124
123
121
119
118
115
112
110
107
105
102
99
96
93
91
87
83
81
77
76
74
73
71
70
71
77
83
88
92
97
103
109
113
119
124
129
133
134
134
134
134
133
133
133
133
133
132
133
133
133
133
133
134
134
134
134
135
135
135
135
135
135
135
135
135
136
136
136
136
136
138
138
138
138
138
138
138
137
136
136
134
119
122
122
124
125
127
128
129
129
129
129
128
126
124
121
118
116
114
110
107
104
101
98
95
93
90
88
84
81
79
77
74
73
72
70
69
67
70
79
83
88
93
98
104
109
114
120
124
127
128
130
131
132
132
133
132
133
132
134
133
134
133
133
133
134
133
134
135
135
135
135
135
135
135
135
135
136
136
136
136
136
138
138
138
138
138
139
139
139
138
137
136
135
134
122
122
124
127
129
130
132
133
133
133
131
129
126
123
121
118
115
112
110
107
104
100
97
95
92
90
87
84
81
80
78
76
74
72
71
69
67
67
67
75
79
83
88
93
99
104
109
114
119
120
123
123
124
127
128
130
130
130
132
132
133
133
132
133
134
133
134
134
134
135
135
135
135
135
135
136
136
136
136
136
138
138
138
138
138
139
139
139
139
139
139
138
137
136
136
122
124
127
129
132
133
135
135
135
133
131
128
125
122
119
117
114
110
108
104
101
98
96
94
91
88
84
81
81
79
77
75
74
72
70
69
69
67
65
66
70
74
78
82
88
93
98
102
107
112
115
115
116
118
120
122
123
125
126
128
130
130
131
132
133
134
134
134
134
134
135
135
135
135
135
136
136
136
136
136
138
138
138
138
138
139
139
139
139
139
139
139
139
138
138
136
123
126
129
131
134
135
136
136
134
132
130
127
124
121
118
116
112
109
106
103
99
95
93
90
87
84
81
79
77
75
73
72
70
69
69
67
67
65
64
64
64
66
67
71
75
81
86
90
93
98
103
106
108
110
112
114
114
117
119
121
122
124
126
127
129
131
132
133
134
134
135
135
135
136
135
136
136
136
136
138
138
138
138
138
137
139
139
139
139
139
140
140
140
140
139
138
138
124
127
130
133
135
136
136
135
133
130
128
125
123
119
115
112
109
106
102
99
96
91
87
83
81
79
76
74
72
70
69
67
67
65
65
65
65
64
64
64
64
64
64
64
65
66
74
78
82
86
90
92
95
96
99
102
105
107
110
113
114
116
119
120
122
125
126
129
130
132
132
133
135
134
135
136
135
136
136
138
138
138
138
138
139
139
139
139
139
139
140
140
140
140
140
140
139
138
124
128
132
134
136
136
135
134
132
129
126
123
120
117
113
109
105
101
97
94
90
84
81
78
74
72
69
67
67
66
65
65
64
64
64
64
64
64
63
64
63
63
63
63
63
63
62
64
67
72
76
80
83
85
87
90
91
94
96
100
103
106
108
111
113
115
119
121
123
125
127
129
131
132
134
135
135
135
136
137
138
138
138
137
139
139
139
139
139
140
140
140
140
140
140
140
140
140
139
124
129
131
135
135
135
133
132
129
126
123
120
117
113
109
105
100
95
92
87
82
77
72
69
67
65
64
64
64
64
64
64
63
63
63
63
63
63
63
63
63
63
63
63
63
63
63
63
63
63
64
64
65
67
72
75
79
82
85
87
90
92
95
99
102
105
108
111
114
117
120
123
123
126
129
131
132
134
135
135
137
136
138
138
139
139
139
139
139
140
140
140
140
140
140
140
140
140
140
123
124
129
133
135
134
133
132
129
126
124
120
116
113
109
104
100
95
89
84
79
73
69
67
65
64
64
64
64
64
64
64
64
63
63
63
63
63
63
63
63
63
63
63
63
63
63
63
63
63
63
63
63
63
63
63
63
63
65
69
72
76
80
83
86
88
92
95
99
103
106
109
112
115
118
121
123
125
127
130
132
134
135
136
136
137
138
139
139
140
140
140
140
140
140
140
140
140
140
141
141
125
126
129
132
133
132
130
129
127
123
120
117
113
109
104
98
94
88
83
75
69
66
65
64
64
64
64
64
64
64
64
64
63
63
63
63
63
63
63
63
63
63
63
63
63
63
63
63
63
63
63
63
63
63
63
63
63
63
63
63
63
63
64
66
70
76
79
83
86
90
92
95
99
104
107
110
113
117
121
122
125
127
130
134
135
136
137
137
138
138
139
140
140
140
140
140
140
140
141
141
141
141
125
126
128
130
131
131
129
128
126
124
120
117
114
109
104
99
92
87
81
72
67
65
64
64
64
64
64
64
64
64
64
64
63
63
63
63
63
63
63
63
63
63
63
63
63
63
63
63
63
63
63
63
63
63
63
63
63
63
63
63
63
63
63
63
62
62
63
64
65
70
75
80
83
87
90
93
98
101
105
108
113
116
119
122
125
127
131
133
135
136
137
137
137
138
140
140
140
140
140
141
141
141
141
141
125
126
127
128
130
129
128
127
126
124
121
117
114
110
104
99
93
86
80
72
65
64
64
64
64
64
64
64
64
64
64
64
64
63
63
63
63
63
63
63
63
63
63
63
63
63
63
63
63
63
63
63
63
63
63
63
63
63
63
63
63
63
63
63
63
62
62
62
62
62
62
63
63
66
72
76
81
85
88
92
96
100
104
108
111
115
119
120
123
127
130
132
134
134
135
136
136
139
140
140
141
141
141
141
141
142
126
126
127
127
128
129
128
126
125
124
121
117
114
110
106
100
94
87
80
70
66
64
64
64
64
64
64
64
64
64
64
64
64
63
63
63
63
63
63
63
63
63
63
63
63
63
63
63
63
63
63
63
63
63
63
63
63
63
63
63
63
63
63
63
63
62
62
62
62
62
62
62
62
62
62
62
62
64
67
74
79
83
87
90
94
98
104
106
110
115
118
120
123
125
127
129
131
131
132
133
135
139
140
141
141
142
142
142
126
126
127
127
128
129
127
126
125
123
121
118
114
110
107
102
96
89
82
72
65
64
64
64
64
64
64
64
64
64
64
64
64
64
63
63
63
63
63
63
63
63
63
63
63
63
63
63
63
63
63
63
63
63
63
63
63
63
63
63
63
63
63
63
63
63
62
62
62
62
62
62
62
62
62
62
62
62
62
62
62
63
66
72
76
81
85
88
92
98
102
105
110
114
116
118
120
120
123
124
128
129
129
133
135
139
141
142
142
142
127
127
126
127
127
128
126
125
123
121
118
114
112
108
103
97
91
85
75
67
64
64
64
64
64
64
64
64
64
64
64
64
64
63
63
63
63
63
63
63
63
63
63
63
63
63
63
63
63
63
63
63
63
63
63
63
63
63
63
63
63
63
63
63
63
62
62
62
62
62
62
62
62
62
62
62
62
62
62
62
62
61
61
61
62
63
70
74
79
84
88
92
96
100
105
107
110
111
113
114
117
119
122
124
127
129
133
136
140
141
142
127
127
127
127
127
128
128
125
123
120
118
116
112
109
104
99
94
87
79
69
64
64
64
64
64
64
64
64
64
64
64
64
64
64
63
63
63
63
63
63
63
63
63
63
63
63
63
63
63
63
63
63
63
63
63
63
63
63
63
63
63
63
63
63
63
62
62
62
62
62
62
62
62
62
62
62
62
62
62
62
62
62
61
61
61
61
61
61
61
63
68
72
78
83
87
91
95
98
100
101
104
106
108
111
114
116
119
123
127
130
133
136
124
127
128
127
126
127
127
125
124
121
117
114
110
106
102
97
90
83
70
64
64
64
64
64
64
64
64
64
64
64
64
64
64
63
63
63
63
63
63
63
63
63
63
63
63
63
63
63
63
63
63
63
63
63
63
63
63
63
63
63
63
63
63
63
63
62
62
62
62
62
62
62
62
62
62
62
62
62
62
62
62
61
61
61
61
61
61
61
61
61
61
61
62
67
72
76
81
84
87
89
91
94
96
98
102
104
108
110
114
119
123
127
130
117
123
127
127
127
128
127
125
124
121
117
113
109
105
100
93
87
80
69
65
64
64
64
64
64
64
64
64
64
64
64
64
63
63
63
63
63
63
63
63
63
63
63
63
63
63
63
63
63
63
63
63
63
63
63
63
63
63
63
63
63
63
63
63
63
62
62
62
62
62
62
62
62
62
62
62
62
62
62
62
62
61
61
61
61
61
61
61
61
61
61
61
61
61
61
62
66
69
75
78
79
80
83
85
87
90
93
95
99
104
110
114
119
123
100
108
115
120
124
126
127
127
126
125
122
118
114
109
104
99
91
84
75
67
64
64
64
64
64
64
64
64
64
64
64
64
64
63
63
63
63
63
63
63
63
63
63
63
63
63
63
63
63
63
63
63
63
63
63
63
63
63
63
63
63
63
63
63
63
62
62
62
62
62
62
62
62
62
62
62
62
62
62
62
62
61
61
61
61
61
61
61
61
61
61
61
61
61
61
61
61
61
61
62
64
68
69
70
71
72
75
78
80
83
88
93
99
105
110
114
77
88
97
105
113
119
123
126
128
127
126
123
119
115
111
106
99
92
83
71
66
64
64
64
64
64
64
64
64
64
64
64
64
63
63
63
63
63
63
63
63
63
63
63
63
63
63
63
63
63
63
63
63
63
63
63
63
63
63
63
63
63
63
63
63
63
62
62
62
62
62
62
62
62
62
62
62
62
62
62
62
62
61
61
61
61
61
61
61
61
61
61
61
61
61
61
61
61
60
60
60
60
60
61
62
64
63
62
61
61
65
70
76
83
88
93
100
15
15
15
23
49
63
73
84
94
102
110
118
121
124
126
126
125
123
117
114
108
102
96
86
72
65
64
64
64
64
64
64
64
64
64
64
64
64
63
63
63
63
63
63
63
63
63
63
63
63
63
63
63
63
63
63
63
63
63
63
63
63
63
63
63
63
63
63
63
63
62
62
62
62
62
62
62
62
62
62
62
62
62
62
62
62
61
61
61
61
61
61
61
61
61
61
61
61
61
61
61
61
60
60
60
60
60
60
60
60
60
60
61
60
58
55
55
56
61
70
77
83
88
15
15
15
15
15
15
15
15
18
44
59
69
82
93
102
110
116
121
124
126
126
125
121
116
112
105
98
89
79
67
64
64
64
64
64
64
64
64
64
64
64
63
63
63
63
63
63
63
63
63
63
63
63
63
63
63
63
63
63
63
63
63
63
63
63
63
63
63
63
63
63
63
63
62
62
62
62
62
62
62
62
62
62
62
62
62
62
62
62
62
61
61
61
61
61
61
61
61
61
61
61
61
61
61
61
61
60
60
60
60
60
60
60
60
60
60
60
60
60
58
57
56
55
55
56
62
70
15
15
15
15
15
15
15
15
15
14
16
38
54
66
78
90
100
110
116
121
123
126
127
125
121
116
110
102
94
88
78
67
64
64
64
64
64
64
64
64
64
64
63
63
63
63
63
63
63
63
63
63
63
63
63
63
63
63
63
63
63
63
63
63
63
63
63
63
63
63
63
63
63
63
62
62
62
62
62
62
62
62
62
62
62
62
62
62
62
62
61
61
61
61
61
61
61
61
61
61
61
61
61
61
61
61
60
60
60
60
60
60
60
60
60
60
60
60
60
60
60
59
59
58
57
56
55
15
15
15
15
15
15
15
15
15
15
14
15
28
49
64
77
89
100
109
115
120
123
127
127
125
121
116
109
100
93
86
77
66
64
64
64
64
64
64
64
64
63
63
63
63
63
63
63
63
63
63
63
63
63
63
63
63
63
63
63
63
63
63
63
63
63
63
63
63
63
63
63
63
62
62
62
62
62
62
62
62
62
62
62
62
62
62
62
62
62
61
61
61
61
61
61
61
61
61
61
61
61
61
61
61
61
60
60
60
60
60
60
60
60
60
60
60
60
60
60
60
60
59
59
59
28
18
15
15
15
15
15
15
15
15
14
14
14
20
48
65
78
90
100
109
115
121
124
127
128
124
120
114
108
100
92
85
76
66
64
64
64
64
64
64
63
63
63
63
63
63
63
63
63
63
63
63
63
63
63
63
63
63
63
63
63
63
63
63
63
63
63
63
63
63
63
63
63
62
62
62
62
62
62
62
62
62
62
62
62
62
62
62
62
61
61
61
61
61
61
61
61
61
61
61
61
61
61
61
61
61
60
60
60
60
60
60
60
60
60
60
60
60
60
60
31
19
15
15
15
15
15
15
15
15
14
14
14
24
49
67
81
92
101
109
116
122
125
128
126
124
119
113
106
98
91
84
75
66
64
64
64
64
64
63
63
63
63
63
63
63
63
63
63
63
63
63
63
63
63
63
63
63
63
63
63
63
63
63
63
63
63
63
63
63
63
62
62
62
62
62
62
62
62
62
62
62
62
62
62
62
62
61
61
61
61
61
61
61
61
61
61
61
61
61
61
61
61
61
60
60
60
60
60
60
60
60
60
60
42
32
21
15
15
15
15
15
15
14
14
14
14
19
41
56
72
83
94
102
111
117
122
127
128
125
122
116
111
103
96
89
82
74
65
64
64
64
63
63
63
63
63
63
63
63
63
63
63
63
63
63
63
63
63
63
63
63
63
63
63
63
63
63
63
63
63
63
63
63
63
62
62
62
62
62
62
62
62
62
62
62
62
62
62
62
62
61
61
61
61
61
61
61
61
61
61
61
61
61
61
61
61
60
60
60
60
60
60
60
60
43
34
24
15
15
15
15
15
14
14
14
14
15
37
53
66
80
88
97
106
114
120
126
127
127
123
119
113
109
101
94
87
79
70
64
64
63
63
63
63
63
63
63
63
63
63
63
63
63
63
63
63
63
63
63
63
63
63
63
63
63
63
63
63
63
63
63
63
63
62
62
62
62
62
62
62
62
62
62
62
62
62
62
62
62
61
61
61
61
61
61
61
61
61
61
61
61
61
61
61
61
61
60
60
60
60
60
60
60
42
35
26
17
15
15
15
14
14
14
14
15
32
50
63
76
86
94
103
111
118
123
126
126
124
121
115
110
103
97
90
84
76
67
64
63
63
63
63
63
63
63
63
63
63
63
63
63
63
63
63
63
63
63
63
63
63
63
63
63
63
63
63
63
63
63
63
63
62
62
62
62
62
62
62
62
62
62
62
62
62
62
62
62
61
61
61
61
61
61
61
61
61
61
61
61
61
61
61
61
61
60
60
60
60
43
36
28
19
15
15
15
14
14
14
15
27
47
60
74
82
91
100
108
114
119
122
123
122
120
116
110
105
100
93
87
80
72
65
63
63
63
63
63
63
63
63
63
63
63
63
63
63
63
63
63
63
63
63
63
63
63
63
63
63
63
63
63
63
63
63
62
62
62
62
62
62
62
62
62
62
62
62
62
62
62
62
61
61
61
61
61
61
61
61
61
61
61
61
61
61
61
61
60
60
60
60
44
37
30
20
15
14
14
14
14
15
24
43
56
70
79
87
94
102
109
114
119
121
121
118
114
109
105
101
95
88
81
75
67
64
63
63
63
63
63
63
63
63
63
63
63
63
63
63
63
63
63
63
63
63
63
63
63
63
63
63
63
63
63
63
62
62
62
62
62
62
62
62
62
62
62
62
62
62
62
62
62
61
61
61
61
61
61
61
61
61
61
61
61
61
61
61
61
60
60
45
39
32
24
15
14
14
14
15
20
41
55
67
75
82
90
97
103
108
112
116
116
115
113
108
105
100
95
88
83
76
69
65
63
63
63
63
63
63
63
63
63
63
63
63
63
63
63
63
63
63
63
63
63
63
63
63
63
63
63
63
63
63
62
62
62
62
62
62
62
62
62
62
62
62
62
62
62
62
61
61
61
61
61
61
61
61
61
61
61
61
61
61
61
61
47
40
33
26
17
14
14
14
19
37
52
64
72
78
84
91
97
102
106
110
111
110
109
107
103
98
94
88
83
76
69
66
63
63
63
63
63
63
63
63
63
63
63
63
63
63
63
63
63
63
63
63
63
63
63
63
63
63
63
63
63
62
62
62
62
62
62
62
62
62
62
62
62
62
62
62
62
61
61
61
61
61
61
61
61
61
61
61
61
61
61
61
60
48
41
35
28
18
14
14
16
34
50
61
70
75
80
86
92
97
101
105
106
106
105
103
100
96
92
87
82
75
69
66
63
63
63
63
63
63
63
63
63
63
63
63
63
63
63
63
63
63
63
63
63
63
63
63
63
63
63
63
62
62
62
62
62
62
62
62
62
62
62
62
62
62
62
62
62
61
61
61
61
61
61
61
61
61
61
61
61
61
60
51
42
36
29
20
15
15
30
47
58
68
73
77
82
86
91
95
99
101
100
99
97
95
92
89
84
79
73
66
64
63
63
63
63
63
63
63
63
63
63
63
63
63
63
63
63
63
63
63
63
63
63
63
63
63
63
63
63
62
62
62
62
62
62
62
62
62
62
62
62
62
62
62
62
61
61
61
61
61
61
61
61
61
61
61
60
52
43
37
31
22
16
27
44
56
66
71
75
78
82
85
89
93
93
92
92
91
89
87
83
80
75
70
65
63
63
63
63
63
63
63
63
63
63
63
63
63
63
63
63
63
63
63
63
63
63
63
63
63
63
63
63
62
62
62
62
62
62
62
62
62
62
62
62
62
62
62
62
62
61
61
61
61
61
61
61
61
61
60
51
44
38
32
26
27
42
55
65
70
74
76
79
82
86
87
89
86
86
84
82
80
78
74
70
65
64
63
63
63
63
63
63
63
63
63
63
63
63
63
63
63
63
63
63
63
63
63
63
63
63
63
63
63
63
62
62
62
62
62
62
62
62
62
62
62
62
62
62
62
62
61
61
61
61
61
61
61
61
61
60
52
45
40
35
36
43
54
63
69
73
75
77
79
82
84
84
82
79
76
74
72
70
66
66
64
63
63
63
63
63
63
63
63
63
63
63
63
63
63
63
63
63
63
63
63
63
63
63
63
63
63
63
63
62
62
62
62
62
62
62
62
62
62
62
62
62
62
62
62
62
61
61
61
61
61
61
61
52
46
41
40
46
54
61
68
72
75
76
79
81
81
82
77
72
68
66
65
66
64
63
63
63
63
63
63
63
63
63
63
63
63
63
63
63
63
63
63
63
63
63
63
63
63
63
63
63
63
63
63
62
62
62
62
62
62
62
62
62
62
62
62
62
62
62
62
61
61
61
61
61
61
61
52
46
45
48
56
63
68
71
74
75
78
79
81
82
77
70
66
64
63
63
63
63
63
63
63
63
63
63
63
63
63
63
63
63
63
63
63
63
63
63
63
63
63
63
63
63
63
63
63
63
62
62
62
62
62
62
62
62
62
62
62
62
62
62
62
62
61
61
61
61
61
61
61
53
50
52
58
63
69
71
74
74
77
80
81
81
78
71
67
64
63
63
63
63
63
63
63
63
63
63
63
63
63
63
63
63
63
63
63
63
63
63
63
63
63
63
63
63
63
63
63
62
62
62
62
62
62
62
62
62
62
62
62
62
62
62
62
61
61
61
61
61
61
61
56
59
65
71
73
72
74
77
79
81
81
79
72
67
64
63
63
63
63
63
63
63
63
63
63
63
63
63
63
63
63
63
63
63
63
63
63
63
63
63
63
63
63
63
63
62
62
62
62
62
62
62
62
62
62
62
62
62
62
62
62
62
61
61
61
61
61
61
62
67
72
74
75
74
76
79
81
81
80
73
67
65
63
63
63
63
63
63
63
63
63
63
63
63
63
63
63
63
63
63
63
63
63
63
63
63
63
63
63
63
63
63
62
62
62
62
62
62
62
62
62
62
62
62
62
62
62
62
61
61
61
61
61
61
72
76
76
76
76
78
79
81
80
75
69
65
63
63
63
63
63
63
63
63
63
63
63
63
63
63
63
63
63
63
63
63
63
63
63
63
63
63
63
63
63
62
62
62
62
62
62
62
62
62
62
62
62
62
62
62
62
62
61
61
61
61
61
61
77
77
77
78
79
81
81
76
69
65
63
63
63
63
63
63
63
63
63
63
63
63
63
63
63
63
63
63
63
63
63
63
63
63
63
63
63
63
62
62
62
62
62
62
62
62
62
62
62
62
62
62
62
62
62
61
61
61
61
61
61
61
79
79
80
81
81
77
70
65
63
63
63
63
63
63
63
63
63
63
63
63
63
63
63
63
63
63
63
63
63
63
63
63
63
63
63
63
62
62
62
62
62
62
62
62
62
62
62
62
62
62
62
62
61
61
61
61
61
61
61
61
81
81
77
72
66
63
63
63
63
63
63
63
63
63
63
63
63
63
63
63
63
63
63
63
63
63
63
63
63
63
63
63
62
62
62
62
62
62
62
62
62
62
62
62
62
62
62
62
62
61
61
61
61
61
61
61
61
78
72
66
63
63
63
63
63
63
63
63
63
63
63
63
63
63
63
63
63
63
63
63
63
63
63
63
63
63
62
62
62
62
62
62
62
62
62
62
62
62
62
62
62
62
62
61
61
61
61
61
61
61
61
61
64
63
63
63
63
63
63
63
63
62
63
63
63
63
63
63
63
63
63
63
63
63
63
63
63
63
62
62
62
62
62
62
62
62
62
62
62
62
62
62
62
62
61
61
61
61
61
61
61
61
61
61
63
63
63
63
63
63
62
63
63
63
63
63
63
63
63
63
63
63
63
63
63
63
63
62
62
62
62
62
62
62
62
62
62
62
62
62
62
62
62
62
61
61
61
61
61
61
61
61
61
61
63
63
63
63
62
63
63
63
63
63
63
63
63
63
63
63
63
63
63
63
63
62
62
62
62
62
62
62
62
62
62
62
62
62
62
62
62
61
61
61
61
61
61
61
61
61
61
61
62
62
63
63
63
63
63
63
63
63
63
63
63
63
63
63
62
62
62
62
62
62
62
62
62
62
62
62
62
62
62
62
62
61
61
61
61
61
61
61
61
61
61
61
61
63
63
63
63
63
63
63
63
63
63
63
63
63
62
62
62
62
62
62
62
62
62
62
62
62
62
62
62
62
62
61
61
61
61
61
61
61
61
61
61
61
61
61
63
63
63
63
63
63
63
63
63
63
62
62
62
62
62
62
62
62
62
62
62
62
62
62
62
62
62
61
61
61
61
61
61
61
61
61
61
61
61
61
61
63
63
63
63
63
63
63
62
62
62
62
62
62
62
62
62
62
62
62
62
62
62
62
62
61
61
61
61
61
61
61
61
61
61
61
61
61
61
63
63
63
62
62
62
62
62
62
62
62
62
62
62
62
62
62
62
62
62
61
61
61
61
61
61
61
61
61
61
61
61
61
61
61
62
62
62
62
62
62
62
62
62
62
62
62
62
62
62
62
61
61
61
61
61
61
61
61
61
61
61
61
61
61
61
61
62
62
62
62
62
62
62
62
62
62
62
62
61
61
61
61
61
61
61
61
61
61
61
61
61
61
61
61
61
62
62
62
62
62
62
62
62
61
61
61
61
61
61
61
61
61
61
61
61
61
61
61
61
61
62
62
62
62
61
61
61
61
61
61
61
61
61
61
61
61
61
61
61
61
61
61
61
61
61
61
61
61
61
61
61
61
61
61
