64
64
62
61
63
62
62
61
60
61
60
60
60
60
61
71
71
69
70
70
69
68
68
68
68
68
67
69
68
70
73
75
78
80
81
82
82
79
78
78
76
75
75
75
75
75
75
75
75
76
77
80
83
86
90
92
94
93
94
94
94
90
90
86
86
84
83
82
81
81
81
81
82
82
83
82
85
90
93
97
101
103
104
106
105
106
106
104
102
99
98
95
94
97
96
94
92
90
89
88
88
87
87
87
87
88
89
93
98
103
107
111
113
115
116
115
117
118
117
115
112
111
110
108
106
104
102
99
103
101
99
99
97
95
94
93
94
94
95
95
97
98
101
106
112
116
118
122
122
125
125
127
128
129
128
126
124
123
122
120
118
116
113
111
106
102
106
105
103
102
100
99
99
99
99
100
101
101
103
105
108
115
122
125
127
129
131
133
134
136
137
138
139
137
136
137
136
133
133
131
129
125
122
118
114
109
102
95
108
108
105
104
103
102
102
103
103
104
105
107
108
109
114
123
129
131
134
137
140
141
142
144
147
148
147
146
147
147
147
147
146
144
142
140
136
132
125
120
115
109
102
95
90
85
111
109
108
108
106
106
105
105
106
107
108
110
111
114
117
125
131
136
139
142
145
148
150
152
156
156
156
156
156
157
158
158
157
155
153
150
145
140
136
131
124
118
112
106
99
92
86
81
115
112
110
110
109
109
110
110
110
111
112
113
115
117
120
127
134
137
140
144
147
152
155
157
161
162
164
165
165
165
166
165
165
162
160
157
153
149
144
139
132
126
120
112
106
99
93
87
80
124
120
115
113
112
112
111
112
112
113
113
115
116
117
119
123
128
135
139
141
146
149
153
156
159
163
166
167
169
171
174
173
172
169
166
164
162
158
153
149
144
138
132
126
120
114
107
100
94
88
81
122
120
116
115
114
115
114
115
115
115
118
120
121
122
124
129
134
140
144
147
151
153
156
161
163
166
168
170
174
175
175
175
174
172
169
166
162
157
154
149
143
137
132
126
120
113
109
102
95
89
82
125
121
119
117
117
115
117
117
118
118
120
122
124
125
127
130
134
138
144
148
150
153
157
160
164
166
169
171
171
174
175
175
175
175
173
170
167
162
156
152
147
143
138
132
127
122
116
109
102
98
91
127
122
120
118
118
118
118
120
120
121
122
124
126
127
130
130
134
138
142
145
149
152
155
160
162
166
166
169
171
172
173
173
175
174
172
171
170
166
163
157
152
146
141
136
131
126
121
115
110
105
99
120
120
120
120
119
119
121
123
123
124
126
128
129
130
133
135
138
140
143
147
150
153
157
161
162
165
166
169
171
171
171
172
173
173
171
170
169
165
161
156
149
143
138
132
127
123
120
115
110
105
121
120
120
120
121
121
122
123
124
125
126
128
130
131
133
134
138
140
142
146
148
152
156
158
160
162
165
166
169
170
170
172
171
171
169
168
166
163
159
155
151
146
140
134
128
124
120
117
114
120
120
121
121
121
122
123
124
124
127
128
129
130
133
134
138
139
142
145
148
151
153
156
158
160
162
164
166
168
168
168
170
170
167
165
162
160
157
154
149
146
142
138
132
126
122
119
120
120
121
121
122
122
124
124
125
128
129
130
131
134
137
139
142
144
147
148
151
153
156
157
159
162
163
165
166
167
166
166
164
162
159
156
151
148
145
143
140
137
135
131
120
120
121
121
122
124
124
125
127
128
130
131
133
136
138
140
142
145
146
148
150
153
154
156
158
161
162
164
163
163
162
161
159
155
150
148
144
141
139
136
133
131
119
120
121
121
122
123
124
125
126
128
130
130
133
135
138
140
142
142
144
145
147
149
151
153
157
159
159
160
160
160
160
159
156
154
151
149
145
141
138
119
119
121
121
121
123
124
124
125
128
129
130
131
134
138
139
140
140
142
143
143
145
148
149
152
154
156
156
158
157
157
158
158
158
155
153
149
119
119
120
121
121
122
124
124
125
127
129
130
131
134
136
138
139
139
139
139
140
141
144
147
149
151
152
153
154
155
157
160
160
162
160
157
120
120
119
120
121
121
123
124
125
126
128
130
131
133
136
138
138
138
138
136
138
140
141
143
145
147
149
151
153
155
157
160
162
162
119
119
120
121
121
123
124
125
125
128
130
131
133
134
136
136
135
135
134
134
137
137
139
141
143
147
150
152
156
160
162
119
120
119
120
121
122
123
124
127
128
130
131
131
133
134
134
133
132
131
130
131
134
135
137
139
144
146
151
156
161
119
119
119
121
120
121
123
125
126
128
129
130
131
131
131
132
131
130
129
127
127
129
130
133
137
140
144
149
142
140
138
134
130
128
123
118
118
118
118
119
119
120
122
123
125
127
129
130
130
132
130
130
130
129
128
127
125
124
125
129
131
137
140
142
141
141
140
137
135
131
128
125
119
116
113
116
116
116
118
118
119
121
123
124
125
128
129
130
130
129
130
128
127
127
126
125
122
121
123
128
134
143
142
140
139
138
138
136
133
128
125
121
117
114
112
114
115
116
117
119
120
122
123
125
127
129
130
129
128
128
127
126
125
123
122
120
118
120
127
143
143
141
140
139
137
138
136
133
129
126
124
120
116
114
113
114
116
116
117
119
122
123
125
127
128
129
128
127
126
125
125
123
122
120
119
118
118
142
142
141
141
140
138
137
136
137
133
131
126
125
120
117
113
109
112
113
114
115
116
118
120
123
124
125
127
128
127
126
124
123
123
122
120
119
117
117
144
143
143
141
140
138
137
136
135
135
135
132
128
126
123
117
112
108
110
111
113
114
115
117
120
122
123
124
126
127
125
126
123
122
122
120
117
118
117
145
145
143
142
140
139
137
135
133
132
131
134
132
129
125
123
117
110
105
109
110
112
113
116
117
120
122
123
123
124
125
124
123
122
122
120
119
118
116
147
146
145
145
143
141
139
137
136
133
130
129
129
130
131
127
124
121
116
109
105
107
110
112
114
117
119
121
121
122
123
124
123
123
122
120
118
117
117
115
148
148
148
147
145
142
140
138
136
133
130
129
127
127
127
127
127
123
118
114
110
103
105
108
110
112
115
118
120
121
121
123
123
122
121
120
118
116
115
115
114
150
151
149
148
146
143
140
139
136
135
131
129
127
127
127
126
126
125
121
118
114
110
102
105
106
109
112
116
118
120
121
121
121
122
121
120
119
117
115
114
113
113
154
152
151
150
147
145
141
138
136
135
133
129
127
125
125
125
125
126
125
123
118
114
109
102
103
106
109
112
116
118
120
121
121
121
122
120
119
118
116
115
113
113
114
157
155
153
152
149
146
143
140
136
135
133
129
126
125
125
125
125
125
125
124
123
117
112
107
100
103
106
109
112
116
118
120
121
121
121
122
119
118
116
114
112
112
112
113
159
159
158
155
154
151
148
144
140
137
136
132
129
126
125
125
125
125
125
125
125
124
121
116
112
106
98
106
109
113
116
118
120
121
121
121
120
119
116
115
112
110
109
109
113
160
161
160
157
155
152
149
144
141
138
136
134
130
127
125
125
125
125
125
124
124
125
123
120
114
108
103
96
106
109
113
116
118
120
120
121
121
119
119
116
113
109
107
107
108
112
160
160
160
157
154
152
148
144
142
139
135
133
130
128
125
124
124
124
124
124
124
124
124
122
118
113
107
102
110
113
116
118
119
120
120
120
119
118
116
113
109
106
105
105
107
161
160
160
159
158
155
150
147
145
142
140
137
134
131
129
126
124
124
124
124
123
124
124
124
124
121
116
111
105
100
110
112
117
118
119
119
119
119
119
117
116
112
109
105
105
105
105
121
160
160
160
159
158
155
151
147
146
143
141
137
135
131
130
127
125
124
123
123
123
123
123
123
123
123
120
115
110
103
114
116
118
118
119
119
119
119
117
115
112
107
105
105
105
106
119
158
160
160
160
158
156
153
151
147
144
142
139
134
132
131
127
125
124
123
123
122
122
122
122
122
122
121
118
114
108
102
116
118
118
119
119
119
118
116
114
110
107
105
105
105
105
120
157
157
158
159
159
156
155
151
148
145
143
140
137
135
133
130
126
124
125
123
123
121
121
121
121
122
121
121
117
111
105
115
117
119
119
118
117
118
116
113
109
107
105
105
105
105
117
136
152
155
156
155
157
157
156
155
152
148
146
143
140
138
137
135
132
129
126
124
123
122
122
122
122
122
122
122
121
119
116
110
105
117
119
118
118
117
117
115
112
108
107
105
105
105
106
116
134
149
152
153
153
155
153
152
152
151
150
147
144
141
139
137
135
134
131
128
126
124
122
121
121
121
121
121
121
121
121
117
113
109
118
118
117
117
117
115
112
107
105
105
105
105
105
113
132
148
149
151
152
153
152
152
151
151
151
148
145
143
141
138
137
134
132
130
127
124
122
120
120
121
121
121
121
121
121
120
117
112
118
117
115
116
114
110
107
105
105
105
105
105
110
129
142
143
145
146
150
149
151
150
150
148
151
150
149
146
144
142
140
137
135
133
131
129
126
122
120
120
120
120
120
121
121
121
121
119
116
116
116
115
113
110
106
105
105
105
105
105
110
124
139
139
141
144
144
146
148
147
146
148
151
151
150
148
145
142
139
138
135
133
132
131
126
122
120
120
119
120
119
121
121
121
122
122
120
116
114
113
109
105
105
105
105
105
105
106
119
134
134
137
138
140
143
145
146
145
148
152
152
150
148
146
143
140
138
136
134
133
131
128
123
120
120
120
120
120
121
121
121
122
123
122
114
113
112
108
105
105
105
105
105
105
105
116
129
129
132
135
135
137
139
143
145
147
148
151
152
150
148
145
144
142
139
136
134
133
131
128
122
120
120
121
122
123
124
123
123
123
123
124
112
111
107
105
105
105
105
105
105
105
110
124
136
126
129
132
134
135
138
142
144
146
147
149
151
150
147
146
144
143
140
137
134
133
131
129
123
121
122
128
132
133
134
133
131
129
127
128
110
106
105
105
105
105
105
105
105
107
117
130
122
124
129
132
134
136
138
141
143
144
147
148
149
147
146
145
144
143
141
138
135
134
132
129
126
127
132
136
138
140
141
142
141
139
136
134
108
106
105
105
105
105
105
105
105
105
110
124
123
124
127
131
133
136
139
140
142
144
145
146
147
146
144
143
143
142
140
138
136
134
133
133
135
136
141
143
146
146
147
147
147
147
144
141
105
105
105
104
104
105
105
105
105
106
116
124
125
126
127
128
131
135
138
139
140
141
142
144
143
143
143
143
144
143
140
138
136
135
136
139
140
144
147
150
153
154
155
155
154
152
150
148
105
105
104
104
105
105
105
105
105
105
108
126
127
128
128
128
129
132
136
137
138
140
141
141
140
141
141
143
144
142
140
138
136
137
140
142
145
148
152
156
159
160
161
161
160
158
156
154
104
104
104
105
105
105
105
105
105
103
105
108
127
128
129
130
129
129
129
130
132
135
136
137
138
138
140
140
141
141
142
141
140
136
137
141
142
146
150
155
159
162
164
165
166
167
166
165
162
104
104
104
104
105
105
105
105
105
103
103
105
129
129
131
131
131
131
130
130
131
133
133
135
136
136
137
138
140
140
140
140
139
138
137
140
143
146
150
155
160
163
168
171
174
175
175
173
172
168
104
104
104
105
105
105
105
105
103
103
103
103
105
129
130
131
133
133
133
133
132
131
132
132
133
134
136
135
137
137
139
138
139
139
138
137
138
142
145
149
154
159
163
169
172
176
180
181
180
180
178
104
104
105
105
105
105
105
105
103
105
105
105
105
128
130
131
133
134
134
134
134
133
132
131
132
133
136
135
136
136
137
138
137
137
137
138
136
139
142
147
153
158
161
167
171
177
181
185
187
187
187
184
104
104
105
105
105
105
105
105
105
105
105
105
105
105
105
123
126
129
131
133
134
135
136
135
135
134
133
133
132
135
135
135
136
137
137
135
136
136
136
136
137
141
145
151
155
160
166
170
176
181
186
190
192
192
104
104
105
105
105
105
105
105
105
105
105
105
105
105
105
104
105
106
114
117
120
123
126
129
131
133
134
136
136
136
136
136
134
133
133
134
134
135
135
135
135
134
135
135
135
135
137
142
148
154
158
163
168
174
180
186
191
196
198
104
104
105
105
105
105
105
105
105
105
105
105
105
105
105
104
105
106
107
110
113
114
117
120
123
126
129
132
134
135
136
137
137
137
137
135
135
136
136
136
136
135
135
134
134
133
134
134
134
137
144
150
156
160
165
170
176
182
188
104
105
105
105
105
105
105
105
105
105
105
105
105
105
105
104
105
105
107
110
113
114
117
120
123
126
129
132
134
136
137
137
138
138
136
136
137
138
137
137
136
135
134
135
134
133
134
132
133
140
146
152
156
161
168
172
104
105
105
105
105
105
105
105
105
105
105
105
105
105
105
105
104
105
107
109
112
114
117
120
123
126
129
132
134
136
137
138
138
138
138
138
139
139
140
138
136
136
136
135
134
133
133
132
132
140
147
153
158
104
104
105
105
105
105
105
105
105
105
105
105
105
105
104
104
104
104
105
106
108
111
113
117
120
123
126
129
132
134
136
137
138
138
138
139
140
140
140
140
140
138
137
136
134
132
132
131
131
132
141
105
105
105
105
105
105
105
105
105
105
105
105
105
104
104
104
104
105
105
105
108
110
113
116
119
122
125
128
131
134
136
137
138
138
139
141
141
141
142
142
139
138
137
135
134
134
132
130
129
105
105
105
105
105
105
105
105
105
105
105
104
104
104
104
104
103
104
104
105
108
110
113
116
119
122
125
128
131
133
135
137
137
139
140
141
142
144
144
141
141
139
137
137
136
135
132
131
105
105
105
105
105
105
105
105
105
105
104
104
104
104
103
103
103
104
104
105
107
109
112
114
118
121
124
127
130
133
134
136
137
138
141
143
143
143
142
142
141
141
140
140
138
135
132
105
105
105
105
105
105
105
105
105
104
104
104
103
103
103
103
103
103
104
105
106
109
111
114
117
120
123
126
129
132
134
135
136
139
141
143
144
144
144
144
142
142
141
141
139
136
105
105
105
105
105
105
105
104
104
104
103
103
103
103
103
103
103
103
104
105
106
108
110
113
117
120
122
125
128
131
133
135
138
139
141
143
144
144
144
144
145
145
144
143
140
105
105
105
105
105
105
104
104
103
103
103
103
103
103
103
103
103
103
103
104
105
108
110
113
116
119
122
124
127
130
133
134
137
139
141
143
144
145
146
147
147
148
146
145
105
105
105
105
104
104
103
103
103
103
103
103
103
103
103
103
103
103
103
104
105
107
109
111
115
117
121
123
126
129
132
135
139
142
145
145
146
147
148
149
149
149
105
105
105
105
103
103
103
103
103
103
103
103
103
103
103
103
103
103
103
103
104
105
107
109
111
113
117
120
122
125
128
132
138
142
146
148
150
151
153
153
105
105
103
103
103
103
103
103
103
103
103
103
103
103
103
103
103
103
103
103
104
105
106
109
111
113
116
119
121
124
127
135
142
146
149
103
103
103
103
103
103
103
103
103
103
103
103
103
103
103
103
103
103
103
103
104
105
106
108
110
113
115
118
121
125
132
140
103
103
103
103
103
103
103
103
103
103
103
103
103
103
103
103
103
103
103
103
103
104
105
108
110
113
114
117
121
129
103
103
103
103
103
103
103
103
103
103
103
103
103
103
103
103
103
103
103
103
103
103
104
105
107
109
111
114
118
103
103
103
103
103
103
103
103
103
103
103
103
103
103
103
103
103
103
103
103
103
103
103
105
106
109
111
115
103
103
103
103
103
103
103
103
103
103
103
103
103
103
103
103
103
103
103
103
103
103
104
105
106
108
110
103
103
103
103
103
103
103
103
103
103
103
103
103
103
103
103
103
103
103
103
103
103
104
105
105
108
103
103
103
103
103
103
103
103
103
103
103
103
103
103
103
103
103
103
103
103
103
103
103
104
103
105
103
103
103
103
103
103
103
103
103
103
103
103
103
103
103
103
103
103
103
103
103
103
103
104
103
103
103
103
103
103
103
103
103
103
103
103
103
103
103
103
103
103
103
103
103
103
103
103
103
103
103
103
103
103
103
103
103
103
103
103
103
103
103
103
103
103
103
103
103
103
101
101
103
103
103
103
103
103
103
103
103
103
103
103
103
103
103
103
103
103
103
101
101
101
103
103
103
103
103
103
103
103
103
103
103
103
103
103
103
103
103
101
101
101
101
103
103
103
103
103
103
103
103
103
103
103
103
103
103
101
101
101
101
101
101
103
103
103
103
103
103
103
103
103
103
103
103
103
101
101
101
101
101
101
103
103
103
103
103
103
103
103
103
102
101
101
101
101
101
101
103
103
103
103
103
103
102
101
101
101
101
101
101
103
102
102
101
101
101
101
